gca_id	sample_id	taxon_id	taxon_name	total-length	ungapped-length	n50	spanned-gaps	unspanned-gaps	scaffold-count	count-contig	contig-n50	contig-L50	contig-n75	contig-n90	scaf-L50	scaf-n75	scaf-n90	replicon-count	count-non-chromosome-replicon	count-alt-loci-units	count-regions	count-patches	ENA-LAST-UPDATED
GCA_000002315.5	SAMN02981218	9031	Gallus gallus	1065348650	1055564190	20785086	878	68	524	1402	17655422	19	9688072	2759626	12	12763716	6153034	34	0	0	0	0	2018-12-05
GCA_000146605.3	SAMN02981253	9103	Meleagris gallopavo	1128339136	1093044709	3801642	62525	2520	233806	296331	26671	11556	11137	1126	82	826892	2279	33	1	0	0	0	2017-12-08
GCA_000151805.2	SAMN02981239	59729	Taeniopygia guttata	1232118738	1222847838	8236790	87384	326	37421	124805	38644	8015	10023	2988	37	2365395	8511	35	0	0	0	0	2014-01-17
GCA_000238935.1	SAMN02981360	13146	Melopsittacus undulatus	1117355426	1086602023	10614383	45651	0	25211	70862	55633	5478	24998	8720	28	3647686	907416	0	0	0	0	0	2013-12-03
GCA_000247815.2	SAMN02981387	59894	Ficedula albicollis	1118343587	1102325870	6542656	9007	408	21836	30843	410964	771	210094	82403	48	2461026	747680	34	1	0	0	0	2013-06-28
GCA_000277835.1	SAMN00839579	48883	Geospiza fortis	1065292181	1041286029	5255844	68589	0	27239	95828	30521	9807	15248	6592	54	2009134	655882	0	0	0	0	0	2016-03-03
GCA_000331425.1	SAMN02981490	181119	Pseudopodoces humilis	1042980823	1030013627	16337386	21646	0	5405	27051	165265	1794	83942	36811	16	5291879	1805605	0	0	0	0	0	2013-08-26
GCA_000332375.1	SAMN02981494	241585	Amazona vittata	1175404042	1128255752	19239	112417	0	182974	295391	6904	47690	3617	1857	16505	8373	2839	0	0	0	0	0	2013-07-03
GCA_000337935.2	SAMN02981415	8932	Columba livia	1108534737	1087765385	14233134	92120	0	15057	107177	26627	12120	13806	6405	17	4899519	1608914	0	0	0	0	0	2017-12-13
GCA_000337955.1	SAMN02981425	8954	Falco peregrinus	1171955363	1153386289	3935757	76060	0	7020	83080	28645	12168	15764	8203	90	1923668	938520	0	0	0	0	0	2013-04-18
GCA_000337975.1	SAMN02981426	345164	Falco cherrug	1174811715	1150993769	4154532	70035	0	5863	75898	31327	10949	16994	8800	84	2202528	987605	0	0	0	0	0	2013-08-26
GCA_000355885.1	SAMN00011637	8839	Anas platyrhynchos	1105035747	1069956150	1233631	148961	0	78487	227448	26114	11206	10736	3062	268	532024	195458	0	0	0	0	0	2013-06-11
GCA_000385455.1	SAMN02981528	44394	Zonotrichia albicollis	1052600561	1006303327	4866725	31643	0	6018	37661	112748	2385	43045	13579	52	1881141	543549	0	0	0	0	0	2013-08-26
GCA_000400545.1	SAMN02981465	176014	Ara macao	1035921044	1035921044	6366	0	0	282947	282947	6366	45216	3181	1561	45216	3181	1561	0	0	0	0	0	2016-11-30
GCA_000400695.1	SAMN03000706	176014	Ara macao	1204700227	997636166	15974	311439	0	192790	504229	4399	61494	2153	961	21024	6716	2553	1	1	0	0	0	2013-06-26
GCA_000511605.2	SAMD00009971	93934	Coturnix japonica	898141602	880352380	3851064	52344	0	9499	61843	32115	7399	15707	7378	68	1704759	621750	0	0	0	0	0	2017-01-12
GCA_000534875.1	SAMEA3138919	9135	Serinus canaria	1152083301	1127254831	17815079	54020	0	304399	358419	53884	5339	17922	1897	13	6596869	29402	0	0	0	0	0	2014-02-12
GCA_000586395.1	SAMN01814332	162951	Lyrurus tetrix tetrix	657025294	657025294	1029	0	0	971998	971998	1029	190159	476	286	190159	476	286	0	0	0	0	0	2014-03-08
GCA_000599465.2	SAMN02981558	9014	Colinus virginianus	1254146751	1134249133	2042136	110726	0	42369	153095	56067	5092	16426	2619	150	65386	11797	0	0	0	0	0	2017-07-13
GCA_000599485.1	SAMN02981558	9014	Colinus virginianus	1042054936	1041782176	6260	15910	0	374224	390134	6034	46282	2865	1160	44300	2967	1198	0	0	0	0	0	2014-03-20
GCA_000687185.1	SAMN02596466	188379	Egretta garzetta	1206484573	1157789170	3067157	88871	0	11790	100661	29019	11667	14867	6884	113	1524009	665857	0	0	0	0	0	2014-06-27
GCA_000687205.1	SAMN02339894	56313	Tyto alba	1120143088	1111297855	52818	109223	0	62122	171345	17226	18680	8439	3684	5943	25700	11234	0	0	0	0	0	2014-10-10
GCA_000687265.1	SAMN02339890	9218	Phoenicopterus ruber ruber	1132184511	1127809853	38071	61291	0	76189	137480	20262	16707	10547	4884	8592	19766	8945	0	0	0	0	0	2014-05-08
GCA_000687285.1	SAMN02339888	97097	Phaethon lepturus	1152958507	1147080466	47896	65286	0	66785	132071	22941	14707	11726	5315	6817	23548	10326	0	0	0	0	0	2014-10-31
GCA_000687375.1	SAMN02339887	36300	Pelecanus crispus	1160924693	1156708760	43364	57580	0	63982	121562	21679	16160	11642	5750	7852	22746	11018	0	0	0	0	0	2014-06-27
GCA_000690535.1	SAMN02318733	54380	Cariama cristata	1132245425	1127945763	55197	59230	0	53474	112704	24645	13705	13223	6290	5958	28413	13950	0	0	0	0	0	2014-10-10
GCA_000690715.1	SAMN02324230	57412	Colius striatus	1075931597	1072170539	46063	44462	0	70188	114650	25860	12120	13218	5937	6512	22996	10271	0	0	0	0	0	2014-10-30
GCA_000690775.1	SAMN02324546	54383	Eurypyga helias	1088019637	1083028646	47243	52471	0	62699	115170	24402	12843	12481	5743	6386	23589	11017	0	0	0	0	0	2014-10-29
GCA_000690835.1	SAMN02324803	30455	Fulmarus glacialis	1141395646	1135628672	47208	54825	0	57389	112214	25926	13102	13734	6520	7016	24671	12102	0	0	0	0	0	2014-09-23
GCA_000690875.1	SAMN02324832	37040	Gavia stellata	1129677294	1122809873	45532	64882	0	61830	126712	24321	13686	12638	5734	7094	23647	11461	0	0	0	0	0	2014-09-23
GCA_000691405.1	SAMN02333670	8969	Haliaeetus albicilla	1133549865	1128456298	57319	60579	0	50905	111484	25143	13446	13393	6359	5758	29373	14115	0	0	0	0	0	2014-10-09
GCA_000691785.1	SAMN02333687	188344	Leptosomus discolor	1136244952	1133136126	62640	56010	0	57160	113170	24735	13631	13087	6179	5157	31811	14996	0	0	0	0	0	2014-10-10
GCA_000691845.1	SAMN02338310	57421	Merops nubicus	1062961556	1058508606	48089	50632	0	53499	104131	24675	12573	12672	5934	6132	23864	11004	0	0	0	0	0	2014-06-27
GCA_000691975.1	SAMN02297499	85066	Corvus brachyrhynchos	1091312783	1051781861	6953989	79099	0	10547	89646	29093	10509	14715	6830	49	2867284	1168119	0	0	0	0	0	2014-06-27
GCA_000692015.2	SAMN02299332	328815	Manacus vitellinus	1145854002	1116010121	2558866	45400	0	92755	138155	43697	6945	18746	4065	124	1163660	158829	0	0	0	0	0	2014-08-14
GCA_000692075.1	SAMN02302474	30419	Opisthocomus hoazin	1203712246	1142165867	2937227	99371	0	10256	109627	28179	11760	14084	6064	122	1195292	478150	0	0	0	0	0	2014-10-10
GCA_000695195.1	SAMN02324157	187382	Chlamydotis macqueenii	1086566339	1082961347	45221	56130	0	59693	115823	21641	14968	11592	5653	6888	23537	11398	0	0	0	0	0	2014-11-06
GCA_000695765.1	SAMN02339298	54374	Mesitornis unicolor	1087290853	1083478027	47102	51602	0	67520	119122	22740	14204	11830	5509	6540	23323	10358	0	0	0	0	0	2014-10-29
GCA_000695815.1	SAMN02318032	57068	Acanthisitta chloris	1035876403	1031098396	64469	66437	0	53875	120312	20602	14656	10687	5060	4486	31480	13909	0	0	0	0	0	2014-06-27
GCA_000696035.1	SAMN02371870	216574	Aquila chrysaetos canadensis	1548476395	1171380234	1746960	130235	0	42881	173116	16346	21099	8651	4218	258	845590	354134	0	0	0	0	0	2014-10-09
GCA_000696875.1	SAMN02339299	176057	Nestor notabilis	1053559886	1049180626	61475	51381	0	42180	93561	26546	11852	14149	6959	4935	31676	15760	0	0	0	0	0	2014-10-27
GCA_000698965.1	SAMN02316164	441894	Struthio camelus australis	1225025301	1184772141	3593425	72649	0	6914	79563	34997	10064	18419	9016	101	1660255	574516	0	0	0	0	0	2014-10-08
GCA_000699005.1	SAMN02314405	118200	Picoides pubescens	1167323935	1123919997	2093929	96471	0	31254	127725	24809	12353	11470	4903	168	911203	310327	0	0	0	0	0	2014-10-09
GCA_000699085.1	SAMN02265252	9244	Calypte anna	1105676412	1067027607	4052191	70084	0	54736	124820	26738	11601	13056	5030	81	1720479	480475	0	0	0	0	0	2014-06-27
GCA_000699105.1	SAMN02596601	9238	Pygoscelis adeliae	1216600033	1162442438	5118896	95109	0	19264	114373	22195	15872	12155	6168	72	2213888	970345	0	0	0	0	0	2014-09-15
GCA_000699145.1	SAMN02596600	9233	Aptenodytes forsteri	1254347440	1182540656	5071598	72501	0	10672	83173	31730	11116	16948	8632	71	2436419	1143832	0	0	0	0	0	2014-09-15
GCA_000699245.1	SAMN02339892	240206	Pterocles gutturalis	1069324295	1065718737	49530	48553	0	58607	107160	26448	12048	13763	6336	6164	25789	12097	0	0	0	0	0	2014-10-29
GCA_000699545.1	SAMN02339891	345573	Podiceps cristatus	1134922578	1127833593	30087	69345	0	82923	152268	17412	19471	9157	4393	11042	16039	7842	0	0	0	0	0	2014-09-03
GCA_000699945.1	SAMN02319050	43455	Cathartes aura	1152571117	1142028413	36359	112682	0	104141	216823	15248	20795	6849	2792	8777	16189	5880	0	0	0	0	0	2014-08-27
GCA_000700745.1	SAMN02318612	279965	Antrostomus carolinensis	1119683066	1115277614	46345	56667	0	70122	126789	22156	14874	11449	5357	6762	23072	10509	0	0	0	0	0	2014-10-29
GCA_000703405.1	SAMN02318033	57397	Apaloderma vittatum	1070836417	1066296614	56673	50921	0	54728	105649	28882	10934	14787	6637	5440	28819	13589	0	0	0	0	0	2014-10-10
GCA_000705375.2	SAMN02316659	94827	Tinamus guttatus	1047056493	1024813426	246268	59853	0	82514	142367	29773	9877	14024	4734	1147	105290	32748	0	0	0	0	0	2014-10-29
GCA_000708025.2	SAMN02296710	50402	Charadrius vociferus	1219859583	1185946782	3657050	63995	0	15167	79162	39278	8893	20121	9311	98	1672118	643534	0	0	0	0	0	2014-10-09
GCA_000708225.1	SAMN02596464	128390	Nipponia nippon	1223846297	1189430844	5211696	70475	0	59554	130029	29116	12209	15454	7668	66	2346150	658228	0	0	0	0	0	2014-06-27
GCA_000708925.1	SAMN02339889	9209	Phalacrocorax carbo	1138967842	1130205178	48427	98475	0	64312	162787	17343	19360	8950	4146	6715	24520	11458	0	0	0	0	0	2014-09-23
GCA_000709325.1	SAMN02298149	55661	Cuculus canorus	1153894225	1126420809	2989832	56977	0	14930	71907	38137	8811	20280	10082	119	1641854	810175	0	0	0	0	0	2014-10-07
GCA_000709365.1	SAMN02339893	121530	Tauraco erythrolophus	1155540733	1148734661	56334	75085	0	59587	134672	22885	14965	11820	5386	5784	28639	13466	0	0	0	0	0	2014-10-28
GCA_000709895.1	SAMN02318095	100784	Balearica regulorum gibbericeps	1127605500	1123510897	52178	58359	0	53490	111849	23333	14476	12496	6082	6181	26985	12836	0	0	0	0	0	2014-10-27
GCA_000710305.1	SAMN02318191	175836	Buceros rhinoceros silvestris	1065782791	1048779794	53203	118543	0	62257	180800	14587	21343	7552	3430	5769	26696	12582	0	0	0	0	0	2014-10-31
GCA_000737465.1	SAMN02664716	52644	Haliaeetus leucocephalus	1178409481	1159246443	9145499	30763	0	1023	31786	105493	3144	53547	26230	40	5181775	2388667	0	0	0	0	0	2014-08-04
GCA_000738735.2	SAMN02143031	932674	Corvus cornix cornix	1042264234	1011649628	21080102	27256	0	112	27368	97330	2832	46093	20188	14	10836361	5308065	0	0	0	0	0	2018-01-24
GCA_000747805.1	SAMN03018471	8897	Chaetura pelagica	1119188094	1074123860	3841852	65523	0	19072	84595	30757	10349	16126	7679	78	1557512	554877	0	0	0	0	0	2014-10-27
GCA_000766835.1	SAMN03079786	216574	Aquila chrysaetos canadensis	1192725744	1180019022	9230743	15890	0	1141	17031	172329	2004	85945	41910	40	5164991	2407462	0	0	0	0	0	2017-11-30
GCA_000971095.1	SAMN01830643	381198	Anser cygnoides domesticus	1119134887	1083755482	5202740	84351	0	7592	91943	27608	11638	14547	7049	64	2401695	1225925	0	0	0	0	0	2015-04-08
GCA_001039765.2	SAMEA2560515	202946	Apteryx australis mantelli	1595295449	1382184833	3956354	187979	0	326828	514807	16158	23947	6578	1680	59	533950	23775	1	1	0	0	0	2016-05-26
GCA_001281735.1	SAMN03389315	1220523	Zosterops lateralis melanops	1036003386	1001685655	3581248	59919	0	2933	62852	34514	8267	17019	7790	83	1644665	571384	0	0	0	0	0	2015-09-15
GCA_001420675.1	SAMN04014659	12930	Amazona aestiva	1129535839	1055778279	1281105	71374	0	3232	74606	26171	11630	13795	7059	255	680894	326768	0	0	0	0	0	2015-10-30
GCA_001431845.1	SAMN03491621	198806	Calidris pugnax	1229094286	1182953763	10060041	30404	0	3753	34157	109237	3054	53010	23416	33	3156566	1165905	0	0	0	0	0	2015-11-04
GCA_001447265.1	SAMN04029017	9172	Sturnus vulgaris	1036755994	1012819553	3416708	20305	0	2361	22666	151865	1828	71456	29678	89	1819148	804123	0	0	0	0	0	2015-11-20
GCA_001458055.1	SAMEA3535133	198806	Calidris pugnax	1173203933	1161805099	868209	42307	0	47740	90047	65145	4579	27910	10468	297	314155	86787	0	0	0	0	0	2015-12-04
GCA_001522545.3	SAMN03083587	9157	Parus major	1020310769	1002310835	71365269	22369	0	1675	24044	148693	1868	67216	25138	5	25106277	13820886	33	1	0	0	0	2019-03-20
GCA_001577835.1	SAMN03989050	93934	Coturnix japonica	927640260	917246527	2975000	7111	519	2530	9641	511217	515	246035	103428	86	1445352	667000	32	0	0	0	0	2016-03-01
GCA_001604755.1	SAMN04274560	321398	Lepidothrix coronata	1079577334	1057196348	4972619	18889	0	4612	23501	141849	2198	71808	31270	70	2375466	1119939	0	0	0	0	0	2016-03-31
GCA_001655095.1	SAMN02646017	144762	Phylloscopus trochiloides viridanus	1003330590	996249913	20629	113205	0	158605	271810	11055	25661	5308	2195	13472	9561	3658	0	0	0	0	0	2016-06-02
GCA_001655115.1	SAMN04545452	56441	Phylloscopus plumbeitarsus	997399373	988453161	7450	135378	0	308480	443858	5094	54740	2486	1103	37248	3555	1506	0	0	0	0	0	2016-06-02
GCA_001655135.1	SAMN04539782	144761	Phylloscopus trochiloides trochiloides	975891682	967598047	3610	132524	0	504236	636760	2938	92279	1462	701	75323	1776	838	0	0	0	0	0	2016-06-02
GCA_001700915.1	SAMN02929199	48849	Passer domesticus	1042720703	999727308	6373860	47758	270	2571	50329	51426	5263	23055	9585	50	2853039	957494	31	1	0	0	0	2016-08-31
GCA_001715985.3	SAMN02299332	328815	Manacus vitellinus	1072328541	1044817368	17883582	18094	0	3619	21713	290580	984	122780	36515	16	7888284	2919417	0	0	0	0	0	2019-07-03
GCA_001746935.1	SAMN05224218	1037456	Setophaga coronata coronata	1171929618	1046225303	5523077	214945	0	154686	369631	10785	24337	4205	1344	56	798670	20053	0	0	0	0	0	2016-09-27
GCA_001870855.1	SAMN05433571	211916	Tympanuchus cupido pinnatus	983776544	979919245	12138678	48408	0	12186	60594	47484	5869	23868	10822	23	5873291	1860309	0	0	0	0	0	2016-11-08
GCA_001887755.1	SAMN02981425	8954	Falco peregrinus	1112064469	1099287952	26776924	60279	38	72	60351	33994	9833	18795	10025	12	14853816	6359600	19	0	0	0	0	2016-12-06
GCA_001887795.1	SAMN02981415	8932	Columba livia	1018016946	1003591818	24540102	76962	31	91	77053	27697	10897	14792	7536	11	10748956	4746178	29	0	0	0	0	2016-12-06
GCA_002002965.1	SAMD00050841	52775	Ciconia boyciana	1364945554	1363630464	13257	22319	0	505419	527738	11009	31947	4489	1187	26185	5051	1256	0	0	0	0	0	2017-02-17
GCA_002002985.1	SAMD00050840	30415	Grus japonensis	1265634512	1265171339	8606	8070	0	357545	365615	8228	42062	4006	1722	39953	4143	1761	0	0	0	0	0	2017-02-17
GCA_002003005.1	SAMD00050839	547194	Gallirallus okinawae	1114530436	1114530436	6245	0	0	768680	768680	6245	48754	2804	1041	48754	2804	1041	0	0	0	0	0	2017-02-17
GCA_002008985.2	SAMN02981239	59729	Taeniopygia guttata	1982686095	1982686095	4297012	0	0	3347	3347	4297012	119	1761366	493537	119	1761366	493537	0	0	1	1101	0	2017-03-08
GCA_002021895.1	SAMN02265252	9244	Calypte anna	2021121536	2021121536	2049416	0	0	5971	5971	2049416	212	746965	211989	212	746965	211989	0	0	1	1761	0	2017-03-13
GCA_002023255.2	SAMN02143031	932674	Corvus cornix cornix	1050110261	1040508376	18368925	2265	0	145	2410	8911460	33	4376903	1927143	18	8911460	4309332	0	0	0	0	0	2017-04-25
GCA_002029285.1	SAMN04386172	372326	Patagioenas fasciata monilis	1089149042	1072902253	19987418	138593	0	9784	148377	17937	16931	8883	4132	17	7217473	1827060	0	0	0	0	0	2017-03-15
GCA_002078875.2	SAMN05969731	8996	Numida meleagris	1043264150	1023144302	7868035	13275	273	2739	16014	234926	1259	115936	51468	41	2828415	1213721	32	1	0	0	0	2017-06-01
GCA_002166845.1	SAMN02898389	8845	Anser cygnoides	1130276682	1100672068	5027881	63061	0	1801	64862	35039	8873	17498	8530	71	2075990	812550	0	0	0	0	0	2017-06-05
GCA_002167245.1	SAMN06754710	256693	Sporophila hypoxantha	1067760248	1016064418	7965281	15634	0	5095	20729	1043501	237	285105	28502	31	1662411	371921	0	0	0	0	0	2017-06-05
GCA_002173435.1	SAMN06832911	56070	Urile pelagicus	1210663266	1201124635	1719903	40749	0	20951	61700	67731	5290	35709	17204	195	849796	399138	0	0	0	0	0	2017-06-06
GCA_002173455.1	SAMN06226698	56069	Nannopterum auritus	1246050644	1233994771	1990987	27800	0	27523	55323	97559	3720	51304	23161	186	961727	382670	0	0	0	0	0	2017-06-06
GCA_002173475.1	SAMN05301669	473964	Nannopterum harrisi	1202994831	1192415428	4648443	28944	0	2651	31595	100243	3591	53235	26754	75	2085736	953393	0	0	0	0	0	2017-06-06
GCA_002174335.1	SAMN06832916	37046	Nannopterum brasilianus	1346185690	1335451597	86910	37806	0	266364	304170	35201	10003	12860	1444	3071	25270	1554	0	0	0	0	0	2019-08-06
GCA_002197715.1	SAMN06283872	299123	Lonchura striata domestica	1060169204	1029017788	2953339	30355	0	3015	33370	100439	2867	47476	18377	103	1393263	532950	1	1	0	0	0	2017-06-19
GCA_002218305.1	SAMN04255336	9009	Callipepla squamata	1045281893	1016929532	1035259	25516	0	34302	59818	154132	1950	70864	19129	278	492281	52055	0	0	0	0	0	2017-07-13
GCA_002224875.1	SAMN07337763	75864	Anas zonorhyncha	1310797575	1179289965	2077029	117208	0	20089	137297	33496	9048	13826	4796	152	768988	118649	0	0	0	0	0	2017-07-25
GCA_002224895.1	SAMN07337762	8839	Anas platyrhynchos	1265073014	1169880749	2490036	101664	0	18550	120214	38789	7760	16268	5808	124	810895	159786	0	0	0	0	0	2017-07-25
GCA_002224895.1	SAMN07337762	8839	Anas platyrhynchos	1265073014	1169880749	2490036	101664	0	18550	120214	38789	7760	16268	5808	124	810895	159786	0	0	0	0	0	2017-07-25
GCA_002289315.1	SAMN07414775	28711	Uria lomvia	1179358714	1153442153	15847591	105740	0	9327	115067	24899	12844	12166	5598	23	5711413	1435668	0	0	0	0	0	2019-08-06
GCA_002305835.1	SAMN04881205	209779	Phylloscopus trochilus acredula	1066518484	1047879462	3249743	11077	0	5995	17072	388702	690	170002	56641	77	1241877	420053	0	0	0	0	0	2017-09-15
GCA_002372975.1	SAMN05525316	311401	Strix occidentalis caurina	1255541132	1241798539	3983020	20605	0	8108	28713	159062	2233	76518	32261	92	1836279	618731	0	0	0	0	0	2017-09-26
GCA_002592135.1	SAMN07629812	132585	Anser brachyrhynchus	1116992394	1098292712	4974386	25810	0	2723	28533	97462	3034	44906	20523	63	2170958	777573	0	0	0	0	0	2017-10-19
GCA_002631895.1	SAMN06099614	60468	Agapornis roseicollis	1121789902	1103479229	118346	57406	0	52900	110306	28585	10661	14417	6714	2644	56787	24225	0	0	0	0	0	2019-08-06
GCA_002743455.1	SAMN07569716	8840	Anas platyrhynchos platyrhynchos	1136415614	1080105771	74988519	23551	0	21240	44791	88037	3342	41557	16380	5	21676943	8175025	29	0	0	0	0	2017-11-03
GCA_002798355.1	SAMN07713967	9031	Gallus gallus	1021022236	1001810161	90110113	5900	0	1822	7722	639813	451	304193	129034	4	29293246	12680703	31	1	0	0	0	2017-12-05
GCA_002844005.1	SAMN05417616	1758121	Limosa lapponica baueri	1034771378	886828261	283007	107298	0	32319	139617	21257	8762	5892	1817	649	52693	15641	0	0	0	0	0	2017-12-20
GCA_002849675.1	SAMN07828064	451385	Acridotheres javanicus	1051582182	1013436817	5538430	23869	0	4312	28181	144184	1824	60901	21671	52	2035236	620601	0	0	0	0	0	2018-01-02
GCA_002850735.1	SAMN05726874	44394	Zonotrichia albicollis	1017281565	1011565123	32860	120192	0	110046	230238	10896	23825	4564	1914	7607	11273	3730	0	0	0	0	0	2018-01-04
GCA_002870145.1	SAMN06459718	9228	Psittacula krameri	1417809960	1292600941	1191622	87940	0	167560	255500	23132	15385	10823	3483	314	539379	116734	0	0	0	0	0	2019-08-06
GCA_002901205.1	SAMN03734925	156563	Cyanistes caeruleus	1186980630	1098916372	16846143	21244	0	29297	50541	105778	2815	44215	12196	22	7018745	438520	31	0	0	0	0	2018-02-02
GCA_002909625.1	SAMN07428836	9083	Bambusicola thoracicus	1032295167	1030770818	13160	30422	0	163748	194170	10597	27382	5426	2566	21675	6666	3128	0	0	0	0	0	2018-01-31
GCA_003031625.1	SAMN08663748	164674	Empidonax traillii	1123485537	1070898064	895074	38204	0	7791	45995	86564	3503	40667	12918	326	386988	107655	0	0	0	0	0	2019-01-22
GCA_003259725.1	SAMN08961563	194338	Athene cunicularia	1157069330	1144426484	42147404	33737	0	445	34182	64091	5331	33617	16603	6	23372683	11448861	28	0	0	0	0	2018-06-21
GCA_003264535.1	SAMN06701111	37081	Spheniscus magellanicus	1209851208	1155738748	5226289	96076	0	1783	97859	22336	15723	12333	6402	71	2271571	1030158	0	0	0	0	0	2018-06-25
GCA_003264545.1	SAMN06701109	9240	Spheniscus humboldti	1209857164	1155744694	5226396	96077	0	1783	97860	22341	15723	12333	6402	71	2271616	1030168	0	0	0	0	0	2018-06-25
GCA_003264555.1	SAMN06701107	79643	Pygoscelis antarcticus	1209850003	1155737557	5226338	96076	0	1783	97859	22336	15721	12333	6402	71	2271571	1030168	0	0	0	0	0	2018-06-25
GCA_003264595.1	SAMN06701106	79643	Pygoscelis antarcticus	1209830009	1155717651	5226391	96067	0	1783	97850	22340	15719	12333	6401	71	2271587	1030139	0	0	0	0	0	2018-06-25
GCA_003264615.1	SAMN06701104	30457	Pygoscelis papua	1209909388	1155796886	5226675	96080	0	1783	97863	22339	15723	12331	6402	71	2271720	1030190	0	0	0	0	0	2018-06-25
GCA_003264635.1	SAMN06701103	9238	Pygoscelis adeliae	1209911007	1155798697	5226700	96063	0	1783	97846	22343	15718	12334	6403	71	2271740	1030199	0	0	0	0	0	2018-06-25
GCA_003264655.1	SAMN06701113	156760	Spheniscus mendiculus	1209845584	1155733125	5226231	96076	0	1783	97859	22339	15724	12333	6401	71	2271554	1030169	0	0	0	0	0	2018-06-25
GCA_003264665.1	SAMN06701102	9238	Pygoscelis adeliae	1209911879	1155799530	5226628	96066	0	1783	97849	22339	15723	12335	6404	71	2271709	1030215	0	0	0	0	0	2018-06-25
GCA_003264685.1	SAMN06701105	30457	Pygoscelis papua	1209810801	1155698582	5226246	96055	0	1783	97838	22342	15717	12335	6403	71	2271395	1030109	0	0	0	0	0	2018-06-25
GCA_003264715.1	SAMN06701112	37081	Spheniscus magellanicus	1209860780	1155748331	5226395	96075	0	1783	97858	22337	15721	12332	6402	71	2271575	1030173	0	0	0	0	0	2018-06-25
GCA_003264735.1	SAMN06701108	9240	Spheniscus humboldti	1209849151	1155736710	5226263	96075	0	1783	97858	22339	15720	12332	6402	71	2271595	1030174	0	0	0	0	0	2018-06-25
GCA_003264755.1	SAMN06701110	37081	Spheniscus magellanicus	1209860343	1155747887	5226340	96076	0	1783	97859	22337	15723	12332	6403	71	2271579	1030179	0	0	0	0	0	2018-06-25
GCA_003286495.1	SAMN02854552	64799	Hemignathus virens	1086507881	1039640564	69780276	90044	0	19546	109590	23480	12609	10458	4110	6	21610991	11567664	34	0	0	0	0	2018-07-02
GCA_003342815.1	SAMN08476458	8805	Eudromia elegans	955514612	945803555	3261870	16436	0	2364	18800	126242	2183	65700	31095	82	1580038	728350	0	0	0	0	0	2018-08-06
GCA_003342835.1	SAMN08476461	8795	Pterocnemia pennata	1168291008	1152575296	3903569	32671	0	3019	35690	68142	5090	35963	18011	87	1828947	840399	0	0	0	0	0	2018-08-06
GCA_003342845.1	SAMN08476459	30464	Nothoprocta perdicaria	965904370	953686474	3369196	20792	0	2217	23009	95599	2873	49590	24064	80	1579076	747239	0	0	0	0	0	2018-07-26
GCA_003342895.1	SAMN08476455	8787	Casuarius casuarius	1209001349	1197491916	3704890	17845	0	3184	21029	165721	2025	79147	35773	95	1755683	831808	0	0	0	0	0	2018-08-06
GCA_003342905.1	SAMN08476457	8790	Dromaius novaehollandiae	1192237364	1180465803	3305683	16964	0	2777	19741	172131	1940	81732	36378	112	1637951	745872	0	0	0	0	0	2018-07-26
GCA_003342915.1	SAMN08476456	889801	Crypturellus cinnamomeus	1122047781	1090736764	2401919	36605	0	8086	44691	60620	5231	30057	13513	129	775974	131386	0	0	0	0	0	2018-08-07
GCA_003342965.1	SAMN08476453	8824	Apteryx owenii	1231276503	1213899887	1622467	20746	0	5096	25842	138403	2492	67944	31405	201	742194	331665	0	0	0	0	0	2018-08-07
GCA_003342985.1	SAMN08476452	8823	Apteryx haastii	1221441152	1203441645	1371329	21254	0	4183	25437	120127	2900	59889	28694	230	649186	295978	0	0	0	0	0	2018-08-06
GCA_003343005.1	SAMN08476460	8797	Rhea americana	1160836514	1146662423	3949999	26506	0	2162	28668	88762	3815	46035	22742	78	1879849	849610	0	0	0	0	0	2018-08-06
GCA_003343035.1	SAMN08476454	308060	Apteryx rowi	1228902913	1210309809	1672276	20473	0	4120	24593	129376	2680	65019	30687	181	755020	338596	0	0	0	0	0	2018-09-27
GCA_003400225.1	SAMN09281226	187383	Chlamydotis undulata undulata	1307644940	1209584015	60752	33005	0	80662	113667	42497	7184	16791	3607	2794	26023	9094	0	0	0	0	0	2018-08-16
GCA_003402825.1	SAMN09383001	134902	Corvus hawaiiensis	1497608344	1497608344	4530643	0	0	2752	2752	4530643	79	777563	250793	79	777563	250793	0	0	1	0	0	2018-08-17
GCA_003413605.1	SAMN02980944	9089	Chrysolophus pictus	1023990748	998709025	1560063	51170	0	14294	65464	38217	7891	20203	9872	183	791416	359875	0	0	0	0	0	2018-08-22
GCA_003426825.1	SAMN09425179	44318	Eopsaltria australis	1228344903	1226243171	987278	3513	0	20702	24215	641411	435	159272	29223	301	255470	39343	0	0	0	0	0	2018-08-28
GCA_003435085.1	SAMN07211794	9065	Syrmaticus mikado	1066426119	1046895463	11324524	28492	0	71281	99773	107959	2831	51085	18064	29	4949888	1036189	0	0	0	0	0	2018-08-31
GCA_003546035.1	SAMN07281160	1948886	Mixornis gularis	1036102025	1003784603	2810030	32747	0	9542	42289	71550	3928	33178	13427	99	1220176	433289	0	0	0	0	0	2018-09-27
GCA_003676055.1	SAMN09689584	44316	Erythrura gouldiae	1070785140	1048326600	17126938	21233	0	18372	39605	137954	2090	58038	17824	15	4051072	464263	0	0	0	0	0	2018-10-23
GCA_003692655.1	SAMN09657529	333673	Hirundo rustica rustica	1213743879	1173760729	25954216	971	0	364	1335	6124600	52	1619218	363863	12	9438414	2002624	0	0	0	0	0	2018-10-29
GCA_003697955.1	SAMN09355691	425635	Calidris pygmaea	1178367144	1170106437	3136279	14517	0	29819	44336	189165	1695	89698	32614	101	1228580	377227	1	1	0	0	0	2018-10-30
GCA_003713215.1	SAMN10096786	39963	Paradisaea rubra	1071261504	1052190797	3264865	10172	0	4376	14548	415330	686	190641	66893	91	1499511	510909	0	0	0	0	0	2018-11-06
GCA_003713265.1	SAMN10096787	36268	Paradisaea raggiana	1037508133	1030293204	882045	29835	0	6544	36379	96622	2969	45833	20109	318	380701	140555	0	0	0	0	0	2018-11-06
GCA_003713285.1	SAMN10096783	28716	Diphyllodes magnificus	1065979660	1045993748	6488714	15822	0	3098	18920	241639	1163	105238	37524	49	2605495	927599	0	0	0	0	0	2018-11-06
GCA_003713295.1	SAMN10096785	39961	Parotia lawesii	1056922331	1048103366	3066654	9073	0	3976	13049	432029	662	190833	74922	91	1394969	544874	0	0	0	0	0	2018-11-06
GCA_003713305.1	SAMN10096784	36263	Cicinnurus regius	1059540104	1048002514	3187586	10017	0	4390	14407	465502	613	185378	64028	86	1398335	513506	0	0	0	0	0	2018-11-06
GCA_003829775.1	SAMN10120167	40217	Junco hyemalis	958315288	926976521	71317294	44180	0	4457	48637	80164	3083	32513	11409	5	20860279	11924826	0	0	0	0	0	2018-11-26
GCA_003850225.1	SAMN10245527	8839	Anas platyrhynchos	1126159488	1123243663	76129154	71703	0	2149	73852	36811	8050	16890	7612	5	22092175	10039220	30	0	0	0	0	2018-11-29
GCA_003945595.1	SAMN08774045	649802	Pipra filicauda	1110963465	1110924512	1695450	99	0	3744	3843	1585402	201	749837	257907	189	770050	276361	0	0	0	0	0	2018-12-14
GCA_003945725.1	SAMN10424454	415028	Corapipo altera	1095745976	1087378626	12385833	13527	0	9068	22595	262501	1171	114571	41210	24	5316737	1382162	0	0	0	0	0	2019-01-03
GCA_003947215.1	SAMN10023852	241587	Amazona collaria	1258720284	1231620060	13267695	11976	0	10638	22614	208912	1647	101393	41088	23	4970386	1539615	0	0	0	0	0	2018-12-15
GCA_003957525.1	SAMN02981239	59729	Taeniopygia guttata	965644423	965508058	3004452	45	0	5336	5381	3004452	76	825491	43550	76	844703	44112	0	0	0	0	0	2018-12-20
GCA_003957555.2	SAMN02265252	9244	Calypte anna	1059706240	1043609464	74081004	425	0	160	585	14522327	21	4548147	1244659	4	23291945	15116875	34	1	0	0	0	2019-05-17
GCA_003957565.2	SAMN02981239	59729	Taeniopygia guttata	1058012133	1055677902	70430603	309	0	135	444	11998827	22	4938192	1805279	6	22017011	11044519	34	1	0	0	0	2019-08-01
GCA_003957575.1	SAMN02265252	9244	Calypte anna	952083371	952080373	1463522	6	0	3803	3809	1463522	168	585211	150596	168	585211	150596	0	0	0	0	0	2018-12-20
GCA_003984885.2	SAMN08784363	114329	Neopelma chrysocephalum	2285399574	2262833114	10471880	30746	0	84121	114867	237432	2609	103116	29371	52	3075343	739145	0	0	0	0	0	2019-01-07
GCA_003993805.1	SAMN10386166	507594	Himantopus himantopus leucocephalus	1116806074	1105316013	99457149	47226	0	1442	48668	36551	8417	19009	10556	4	33015663	14219872	0	0	0	0	0	2019-01-04
GCA_004011185.1	SAMN09948751	2489341	Strigops habroptila	285706558	285701093	153928	11	0	3728	3739	153928	460	56253	27624	460	56464	27734	0	0	0	0	0	2019-05-17
GCA_004023745.1	SAMN10518521	171275	Recurvirostra avosetta	1193282475	1183858900	96778	230196	0	35873	266069	10462	31996	5244	2484	3255	43320	18667	0	0	0	0	0	2019-01-16
GCA_004027225.1	SAMN09948751	2489341	Strigops habroptila	1165639803	1138071315	83147210	356	0	100	456	9454100	40	5132710	2190569	6	43987489	18881121	27	1	0	0	0	2019-08-01
GCA_004143745.1	SAMN08888240	9054	Phasianus colchicus	1017507340	1009569497	10682894	18692	0	39677	58369	197843	1390	95960	39363	27	4709314	970291	0	0	0	0	0	2019-02-07
GCA_004320125.1	SAMD00156786	1381582	Scolopax mira	1091292641	1086961321	124759	38603	0	40750	79353	61187	4687	26577	9882	2305	55935	22140	0	0	0	0	0	2019-03-01
GCA_004320145.1	SAMD00156791	211598	Accipiter nisus	1190649881	1183795142	91241	60386	0	44975	105361	35336	8986	16751	7367	3562	43023	18480	0	0	0	0	0	2019-03-01
GCA_004320165.1	SAMD00156787	1517798	Dendrocopos noguchii	1134561427	1132434733	20195	24294	0	154720	179014	18451	15032	7082	2702	13809	7760	2992	0	0	0	0	0	2019-03-01
GCA_004320185.1	SAMD00156790	8969	Haliaeetus albicilla	1196539455	1192466393	120761	40024	0	35313	75337	53802	6146	25800	10954	2640	54280	22074	0	0	0	0	0	2019-03-01
GCA_004320205.1	SAMD00156785	1604048	Lagopus muta japonica	1002559668	1001411873	63289	9500	0	62806	72306	56225	4968	26149	10059	4428	29282	11314	0	0	0	0	0	2019-03-01
GCA_004320225.1	SAMD00160568	1564486	Bubo blakistoni	1193862756	1190991086	85182	17944	0	46772	64716	65049	4936	30073	12577	3810	38948	16514	0	0	0	0	0	2019-03-01
GCA_004360235.1	SAMN11096029	40817	Grus nigricollis	1230910289	1230853664	17886166	6	0	1812	1818	17886166	22	5710189	1516334	22	5710189	1516334	0	0	0	0	0	2019-03-22
GCA_005519975.1	SAMN07739105	9049	Pavo cristatus	1027510962	1023684802	190304	4907	0	179332	184239	103131	2360	25943	3411	1294	35233	3595	0	0	0	0	0	2019-05-20
GCA_005870125.1	SAMN11521339	299123	Lonchura striata domestica	1060269806	1029018290	71975342	31356	0	2015	33371	100423	2867	47476	18377	6	21238631	11552688	32	1	0	0	0	2019-06-05
GCA_005890655.1	SAMN11266852	211967	Centrocercus minimus	1000043310	1000038982	3849570	48	0	985	1033	3500535	87	1987948	1008043	81	2122777	1047023	1	1	0	0	0	2019-07-09
GCA_006229135.1	SAMN11890447	8846	Anser indicus	1143091872	1114489862	10094206	20358	0	10527	30885	120377	2510	54610	23153	35	4431100	1267474	0	0	0	0	0	2019-06-11
GCA_006937325.1	SAMN08482543	8811	Anomalopteryx didiformis	1190759065	892295867	3350051	1732578	0	1909	1734487	824	321576	442	232	111	1657812	783432	0	0	0	0	0	2019-07-12
GCA_006938045.1	SAMN08482543	8811	Anomalopteryx didiformis	1189933016	873072302	3349349	1816071	0	1843	1817914	774	335880	417	219	111	1657693	782048	0	0	0	0	0	2019-07-12
GCA_007115625.1	SAMN12017177	9135	Serinus canaria	1071655236	1052269486	79047965	40662	0	3536	44198	90869	3125	36358	12960	5	36017390	20574983	1	1	0	0	0	2019-07-29
GCA_007252995.1	SAMN11339519	364589	Zosterops borbonicus	1213662640	1109617200	1810786	114273	0	27683	141956	20903	15610	10803	5026	172	608282	139916	0	0	0	0	0	2019-07-23
GCA_007556475.1	SAMN11339534	43580	Zosterops pallidus	1149599252	1096864439	379821	59459	0	63344	122803	26333	12116	13303	6014	767	138895	32386	0	0	0	0	0	2019-07-26
GCA_007636935.1	SAMN12236919	72873	Tachycineta bicolor	1135351544	1072059081	34257	39528	0	92151	131679	16265	15731	6926	3394	4904	11353	4552	0	0	0	0	0	2019-07-30
GCA_900067835.1	SAMEA3166399	59894	Ficedula albicollis	6991858	6895202	5639	420	0	1807	2227	4718	423	2446	1442	276	2655	1562	0	0	0	0	0	2016-03-12
GCA_900205225.1	SAMEA94256668	1187130	Saxicola maurus maurus	1020367763	977867713	10035936	34417	0	2819	37236	96283	2793	41528	14890	24	3724092	989435	0	0	0	0	0	2017-10-06
GCA_900496995.2	SAMEA994725	223781	Aquila chrysaetos chrysaetos	1203454851	1198815044	46934974	191	0	142	333	21924221	19	11910625	6759292	9	30976502	24756580	27	0	0	0	0	2019-07-12
GCA_900560995.1	SAMEA4890637	474924	Seicercus examinandus	16884	16884		0	0	1	1								1	1		0		2019-02-06
GCA_900561015.1	SAMEA4890638	474924	Seicercus examinandus	16884	16884		0	0	1	1								1	1		0		2019-02-06
GCA_901699155.1	SAMEA994735	177155	Streptopelia turtur	1178928410	1175052061	80150727	889	0	357	1246	3790373	87	1661000	478082	4	27101090	10837557	31	0	0	0	0	2019-06-12
GCA_901699165.1	SAMEA994735	177155	Streptopelia turtur	1035214426	1035214426	776317	0	0	3333	3333	776317	369	330868	125979	369	330868	125979	0	0	0	0	0	2019-06-12
GCA_902153765.1	SAMEA994725	223781	Aquila chrysaetos chrysaetos	823060160	822498650	659735	39	0	3860	3899	640223	364	287921	76629	341	290643	76829	0	0	0	0	0	2019-07-12
